triangle 1
[3](2.90304e-28,-1,0)
triangle 2
[3](-1.57259e-13,0,-1)
triangle 3
[3](0,-1,0)
triangle 4
[3](-1,0,0)
triangle 5
[3](0,0,-1)
triangle 6
[3](0,-1,0)
triangle 7
[3](-1,0,0)
triangle 8
[3](0,0,-1)
triangle 9
[3](0,-1,0)
triangle 10
[3](-1,0,0)
triangle 11
[3](0,0,-1)
triangle 12
[3](0,-1,0)
triangle 13
[3](-1,0,0)
triangle 14
[3](0,0,-1)
triangle 15
[3](0,-1,0)
triangle 16
[3](-1,0,0)
triangle 17
[3](0,0,-1)
triangle 18
[3](0,-1,0)
triangle 19
[3](-1,0,0)
triangle 20
[3](0,0,-1)
triangle 21
[3](0,-1,0)
triangle 22
[3](-1,0,0)
triangle 23
[3](0,0,-1)
triangle 24
[3](0,-1,0)
triangle 25
[3](-1,0,0)
triangle 26
[3](0,0,-1)
triangle 27
[3](0,-1,0)
triangle 28
[3](-1,0,-0)
triangle 29
[3](0,-0,-1)
triangle 30
[3](-0,-1,0)
triangle 31
[3](-1,0,0)
triangle 32
[3](0,0,-1)
triangle 33
[3](0,-1,0)
triangle 34
[3](-1,0,0)
triangle 35
[3](0,0,-1)
triangle 36
[3](0,-1,0)
triangle 37
[3](-1,0,0)
triangle 38
[3](0,0,-1)
triangle 39
[3](0,-1,0)
triangle 40
[3](-1,0,0)
triangle 41
[3](0,0,-1)
triangle 42
[3](0,-1,0)
triangle 43
[3](-0.707116,0,-0.707097)
triangle 44
[3](0,-1,-9.81748e-05)
triangle 45
[3](-0.999972,-9.81721e-05,-0.00742124)
triangle 46
[3](-9.81721e-05,-0.00742124,-0.999972)
triangle 47
[3](-0.00742124,-0.999972,0)
triangle 48
[3](-0.999972,0,-0.00744342)
triangle 49
[3](0,-0.0074488,-0.999972)
triangle 50
[3](-0.00744821,-0.999893,-0.0125704)
triangle 51
[3](-0.99925,-0.0125623,0.0366333)
triangle 52
[3](-0.0125623,0.0366333,-0.99925)
triangle 53
[3](0.0366333,-0.99925,-0.0125496)
triangle 54
[3](-0.99925,-0.0125496,0.0366321)
triangle 55
[3](-0.0127252,0.0371445,-0.999229)
triangle 56
[3](0.0369449,-0.993858,-0.104313)
triangle 57
[3](-0.985443,-0.10343,0.13492)
triangle 58
[3](-0.103431,0.134921,-0.985443)
triangle 59
[3](0.13492,-0.985436,-0.103502)
triangle 60
[3](-0.985435,-0.103502,0.134925)
triangle 61
[3](-0.132891,0.173237,-0.975873)
triangle 62
[3](0.144457,-0.813751,-0.562975)
triangle 63
[3](-0.760057,-0.525827,0.381862)
triangle 64
[3](-0.52583,0.381865,-0.760054)
triangle 65
[3](0.381862,-0.760049,-0.525839)
triangle 66
[3](-0.76005,-0.525839,0.381861)
triangle 67
[3](-0.773828,0.561949,-0.292241)
triangle 68
[3](0.395097,-0.20547,-0.895366)
triangle 69
[3](-0.198586,-0.86537,0.460107)
triangle 70
[3](-0.865372,0.460109,-0.198572)
triangle 71
[3](0.460105,-0.19857,-0.865375)
triangle 72
[3](-0.198571,-0.865379,0.460096)
triangle 73
[3](-0.879273,0.467483,-0.091311)
triangle 74
[3](0.457325,-0.0893269,-0.884802)
triangle 75
[3](-0.0898682,-0.890163,0.446691)
triangle 76
[3](-0.890163,0.446691,-0.0898697)
triangle 77
[3](0.446692,-0.0898697,-0.890163)
triangle 78
[3](-0.0898697,-0.890162,0.446693)
triangle 79
[3](-0.893522,0.448379,0.0239915)
triangle 80
[3](0.441123,0.0236032,-0.897136)
triangle 81
[3](0.0239013,-0.908465,0.417278)
triangle 82
[3](-0.908465,0.417278,0.0238995)
triangle 83
[3](0.417278,0.0238995,-0.908464)
triangle 84
[3](0.0238995,-0.908463,0.417281)
triangle 85
[3](-0.878644,0.403584,0.255156)
triangle 86
[3](0.402387,0.254399,-0.879412)
triangle 87
[3](0.263816,-0.911962,0.314208)
triangle 88
[3](-0.911962,0.314208,0.263817)
triangle 89
[3](0.314208,0.263817,-0.911962)
triangle 90
[3](0.263817,-0.911964,0.314202)
triangle 91
[3](-0.808483,0.278549,0.518427)
triangle 92
[3](0.360743,0.671402,0.647366)
triangle 93
[3](0.584782,0.563847,-0.583187)
triangle 94
[3](0.563852,-0.583191,0.584773)
triangle 95
[3](-0.583178,0.584759,0.563879)
triangle 96
[3](0.584768,0.563887,-0.583162)
triangle 97
[3](0.453808,-0.46932,0.757494)
triangle 98
[3](-0.526318,0.84949,-0.0368322)
triangle 99
[3](0.941238,-0.0408101,-0.33527)
triangle 100
[3](-0.0408104,-0.335272,0.941237)
triangle 101
[3](-0.335271,0.941234,-0.0408903)
triangle 102
[3](0.941232,-0.0408902,-0.335277)
triangle 103
[3](-0.039985,-0.327855,0.943882)
triangle 104
[3](-0.32136,0.925183,-0.201903)
triangle 105
[3](0.96525,-0.210647,-0.154663)
triangle 106
[3](-0.210646,-0.154662,0.96525)
triangle 107
[3](-0.154663,0.965258,-0.21061)
triangle 108
[3](0.965258,-0.210611,-0.15466)
triangle 109
[3](-0.209746,-0.154025,0.965548)
triangle 110
[3](-0.153198,0.960362,-0.232883)
triangle 111
[3](0.969528,-0.235106,-0.0688536)
triangle 112
[3](-0.235103,-0.0688528,0.969529)
triangle 113
[3](-0.0688536,0.969539,-0.235061)
triangle 114
[3](0.969539,-0.235062,-0.0688426)
triangle 115
[3](-0.959689,-0.281064,0)
triangle 116
[3](-1,0,0)
triangle 117
[3](0,0,-1)
triangle 118
[3](0,-1,0)
triangle 119
[3](-1,0,0)
triangle 120
[3](0,0,-1)
triangle 121
[3](0,-1,0)
triangle 122
[3](-1,0,0)
triangle 123
[3](0,0,-1)
triangle 124
[3](0,-1,0)
triangle 125
[3](-1,0,0)
triangle 126
[3](0,0,-1)
triangle 127
[3](0,-1,0)
triangle 128
[3](-1,0,0)
triangle 129
[3](0,0,-1)
triangle 130
[3](0,-1,0)
triangle 131
[3](-1,0,0)
triangle 132
[3](0,0,-1)
triangle 133
[3](0,-1,0)
triangle 134
[3](-1,0,0)
triangle 135
[3](0,0,-1)
triangle 136
[3](0,-1,0)
triangle 137
[3](-1,0,0)
triangle 138
[3](0,0,-1)
triangle 139
[3](0,-0.707117,-0.707097)
triangle 140
[3](-0.707117,-0.707097,0.000110605)
triangle 141
[3](-0.999972,0.000156417,-0.00744342)
triangle 142
[3](0.000156417,-0.00744341,-0.999972)
triangle 143
[3](-0.00744341,-0.999972,0)
triangle 144
[3](-0.999973,0,-0.00740893)
triangle 145
[3](0,-0.00741378,-0.999973)
triangle 146
[3](-0.0074137,-0.999962,-0.00464961)
triangle 147
[3](-0.999318,-0.00464661,0.0366345)
triangle 148
[3](-0.00464661,0.0366345,-0.999318)
triangle 149
[3](0.0366345,-0.999318,-0.00456)
triangle 150
[3](-0.999319,-0.00456,0.0366262)
triangle 151
[3](-0.0046029,0.0369708,-0.999306)
triangle 152
[3](0.0369422,-0.998533,-0.0395902)
triangle 153
[3](-0.989993,-0.0392516,0.13555)
triangle 154
[3](-0.0392516,0.13555,-0.989993)
triangle 155
[3](0.13555,-0.989993,-0.0392551)
triangle 156
[3](-0.989993,-0.0392551,0.13555)
triangle 157
[3](-0.0445347,0.153781,-0.987101)
triangle 158
[3](0.14903,-0.956604,-0.250398)
triangle 159
[3](-0.870079,-0.22775,0.437141)
triangle 160
[3](-0.227753,0.437148,-0.870075)
triangle 161
[3](0.437142,-0.870063,-0.22781)
triangle 162
[3](-0.870063,-0.22781,0.437142)
triangle 163
[3](-0.383435,0.735768,-0.558232)
triangle 164
[3](0.564094,-0.427982,-0.706137)
triangle 165
[3](-0.331663,-0.547218,0.768474)
triangle 166
[3](-0.547208,0.768462,-0.331707)
triangle 167
[3](0.768494,-0.331721,-0.547155)
triangle 168
[3](-0.331713,-0.547142,0.768507)
triangle 169
[3](-0.571956,0.80336,-0.165769)
triangle 170
[3](0.780564,-0.161065,-0.603968)
triangle 171
[3](-0.158577,-0.594638,0.7882)
triangle 172
[3](-0.594639,0.7882,-0.158573)
triangle 173
[3](0.788196,-0.158572,-0.594644)
triangle 174
[3](-0.158572,-0.594647,0.788194)
triangle 175
[3](-0.601666,0.797498,0.0446756)
triangle 176
[3](0.777795,0.0435718,-0.627006)
triangle 177
[3](0.0441544,-0.63539,0.770928)
triangle 178
[3](-0.63539,0.770929,0.04415)
triangle 179
[3](0.770934,0.0441503,-0.635383)
triangle 180
[3](0.04415,-0.635379,0.770937)
triangle 181
[3](-0.570558,0.692287,0.441816)
triangle 182
[3](0.689278,0.439896,-0.575662)
triangle 183
[3](0.492011,-0.643861,0.585976)
triangle 184
[3](-0.643861,0.585976,0.492011)
triangle 185
[3](0.58598,0.492013,-0.643856)
triangle 186
[3](0.492011,-0.643853,0.585986)
triangle 187
[3](-0.581035,0.528814,0.618671)
triangle 188
[3](0.626099,0.732486,0.26733)
triangle 189
[3](0.685557,0.250203,-0.683674)
triangle 190
[3](0.250204,-0.683675,0.685556)
triangle 191
[3](-0.683671,0.685552,0.250224)
triangle 192
[3](0.685555,0.250225,-0.683668)
triangle 193
[3](0.210191,-0.574288,0.79121)
triangle 194
[3](-0.587358,0.809217,-0.0133465)
triangle 195
[3](0.941906,-0.015535,-0.335517)
triangle 196
[3](-0.015535,-0.335517,0.941906)
triangle 197
[3](-0.335517,0.941906,-0.0155235)
triangle 198
[3](0.941907,-0.0155235,-0.335516)
triangle 199
[3](-0.0149283,-0.322651,0.9464)
triangle 200
[3](-0.321705,0.943626,-0.0779453)
triangle 201
[3](0.984138,-0.0812916,-0.157685)
triangle 202
[3](-0.0812922,-0.157686,0.984138)
triangle 203
[3](-0.157685,0.984132,-0.081365)
triangle 204
[3](0.984131,-0.0813649,-0.157692)
triangle 205
[3](-0.0806341,-0.156275,0.984417)
triangle 206
[3](-0.156146,0.983603,-0.0902366)
triangle 207
[3](0.993338,-0.0911297,-0.0705324)
triangle 208
[3](-0.0911299,-0.0705326,0.993338)
triangle 209
[3](-0.0705324,0.993336,-0.0911572)
triangle 210
[3](0.993335,-0.0911571,-0.0705387)
triangle 211
[3](-0.790869,-0.611986,0)
triangle 212
[3](-1,0,0)
triangle 213
[3](0,0,-1)
triangle 214
[3](0,-1,0)
triangle 215
[3](-1,0,0)
triangle 216
[3](0,0,-1)
triangle 217
[3](0,-1,0)
triangle 218
[3](-1,0,0)
triangle 219
[3](0,0,-1)
triangle 220
[3](0,-1,0)
triangle 221
[3](-1,0,0)
triangle 222
[3](0,0,-1)
triangle 223
[3](0,-1,0)
triangle 224
[3](-1,0,0)
triangle 225
[3](0,0,-1)
triangle 226
[3](0,-1,0)
triangle 227
[3](-1,0,0)
triangle 228
[3](0,0,-1)
triangle 229
[3](0,-1,0)
triangle 230
[3](-1,0,0)
triangle 231
[3](0,0,-1)
triangle 232
[3](0,-1,0)
triangle 233
[3](-1,0,0)
triangle 234
[3](0,0,-1)
triangle 235
[3](0,-0.707116,-0.707097)
triangle 236
[3](-0.707116,-0.707097,1.78496e-05)
triangle 237
[3](-0.999973,2.52429e-05,-0.00740893)
triangle 238
[3](2.52429e-05,-0.00740893,-0.999973)
triangle 239
[3](-0.00740893,-0.999973,0)
triangle 240
[3](-0.999973,0,-0.00740347)
triangle 241
[3](0,-0.00740832,-0.999973)
triangle 242
[3](-0.00740824,-0.999962,-0.00467211)
triangle 243
[3](-0.999318,-0.0046691,0.0366262)
triangle 244
[3](-0.00466906,0.0366258,-0.999318)
triangle 245
[3](0.036626,-0.999323,-0.00340077)
triangle 246
[3](-0.999328,-0.00340078,0.0365022)
triangle 247
[3](-0.00343178,0.0368349,-0.999315)
triangle 248
[3](0.0368175,-0.998843,-0.0309349)
triangle 249
[3](-0.99029,-0.03067,0.135591)
triangle 250
[3](-0.0306679,0.135581,-0.990291)
triangle 251
[3](0.135588,-0.99034,-0.029043)
triangle 252
[3](-0.990361,-0.0290436,0.135434)
triangle 253
[3](-0.0323786,0.150985,-0.988006)
triangle 254
[3](0.149555,-0.978644,-0.141029)
triangle 255
[3](-0.886241,-0.127713,0.445271)
triangle 256
[3](-0.128279,0.447244,-0.885165)
triangle 257
[3](0.445759,-0.882225,-0.151586)
triangle 258
[3](-0.881259,-0.15142,0.447722)
triangle 259
[3](-0.249461,0.737613,-0.627452)
triangle 260
[3](0.689296,-0.586352,-0.425515)
triangle 261
[3](-0.380856,-0.276387,0.88236)
triangle 262
[3](-0.279228,0.891432,-0.356903)
triangle 263
[3](0.88039,-0.352482,-0.317286)
triangle 264
[3](-0.353271,-0.317996,0.879817)
triangle 265
[3](-0.333086,0.921567,-0.199417)
triangle 266
[3](0.938647,-0.203113,-0.278723)
triangle 267
[3](-0.190383,-0.261254,0.946309)
triangle 268
[3](-0.262562,0.951048,-0.163)
triangle 269
[3](0.938411,-0.160834,-0.305806)
triangle 270
[3](-0.162188,-0.30838,0.937335)
triangle 271
[3](-0.312026,0.948419,0.0560452)
triangle 272
[3](0.965198,0.0570367,-0.255226)
triangle 273
[3](0.0553902,-0.247859,0.967211)
triangle 274
[3](-0.247448,0.96561,0.0797912)
triangle 275
[3](0.956436,0.0790331,-0.281039)
triangle 276
[3](0.0799235,-0.284205,0.955426)
triangle 277
[3](-0.241344,0.811339,0.53243)
triangle 278
[3](0.820716,0.538584,-0.190664)
triangle 279
[3](0.626986,-0.221959,0.746742)
triangle 280
[3](-0.220419,0.741558,0.633646)
triangle 281
[3](0.738848,0.63133,-0.235637)
triangle 282
[3](0.638075,-0.238155,0.732218)
triangle 283
[3](-0.228356,0.702092,0.674477)
triangle 284
[3](0.716599,0.688413,0.112129)
triangle 285
[3](0.703417,0.114573,-0.701482)
triangle 286
[3](0.114675,-0.702108,0.702776)
triangle 287
[3](-0.703608,0.704278,0.0944872)
triangle 288
[3](0.70215,0.0942017,-0.70577)
triangle 289
[3](0.0797761,-0.597693,0.797746)
triangle 290
[3](-0.599594,0.800284,0.00566325)
triangle 291
[3](0.941999,0.00666611,-0.335549)
triangle 292
[3](0.0066647,-0.335478,0.942024)
triangle 293
[3](-0.335458,0.941966,0.0129488)
triangle 294
[3](0.942223,0.0129523,-0.334735)
triangle 295
[3](0.0124276,-0.321175,0.946938)
triangle 296
[3](-0.321054,0.946584,-0.03004)
triangle 297
[3](0.98692,-0.0313201,-0.158139)
triangle 298
[3](-0.0313097,-0.158086,0.986929)
triangle 299
[3](-0.158116,0.987117,-0.0244929)
triangle 300
[3](0.987256,-0.0244964,-0.157242)
triangle 301
[3](-0.0242687,-0.155781,0.987494)
triangle 302
[3](-0.155715,0.987077,-0.0378508)
triangle 303
[3](0.996759,-0.0382221,-0.0707819)
triangle 304
[3](-0.0382182,-0.0707747,0.99676)
triangle 305
[3](-0.0707792,0.996824,-0.0364976)
triangle 306
[3](0.996861,-0.0364989,-0.070255)
triangle 307
[3](-0.461018,-0.887391,0)
triangle 308
[3](-1,0,0)
triangle 309
[3](0,0,-1)
triangle 310
[3](0,-1,0)
triangle 311
[3](-1,0,0)
triangle 312
[3](0,0,-1)
triangle 313
[3](0,-1,0)
triangle 314
[3](-1,0,0)
